29 28
1 1 1 1 1 1 1 1 1 1 1 1 1 0 1 1 1 1 1 1 0 1 1 1 0 1 0 1 
0 2 2 2 2 2 2 2 2 2 2 2 -842150451 2 -842150451 2 -842150451 2 2 2 2 2 2 2 2 -842150451 2 0 
1 -842150451 1 -842150451 1 1 1 1 1 1 1 2 1 2 1 2 1 2 1 1 1 1 1 1 1 1 -842150451 1 
1 0 1 2 2 2 1 2 2 2 1 2 1 2 1 2 1 2 1 2 2 2 1 1 2 2 2 1 
1 0 1 2 1 2 1 2 1 2 1 2 1 2 1 2 1 2 1 2 1 2 1 1 2 1 2 1 
1 -842150451 1 2 1 2 1 2 1 2 1 2 1 2 1 2 1 2 1 2 1 2 1 -842150451 2 1 2 1 
1 7 -842150451 2 1 2 2 2 1 2 2 2 1 2 1 2 -842150451 2 1 2 1 2 1 2 2 1 2 1 
1 -842150451 1 2 1 -842150451 1 1 1 -842150451 1 1 1 2 1 2 1 2 1 2 1 2 1 2 -842150451 1 2 1 
1 2 2 2 2 2 2 2 2 2 1 2 2 2 1 2 1 2 1 2 1 2 1 2 2 1 2 1 
1 2 1 1 1 1 1 1 1 2 1 2 1 1 1 2 1 2 1 2 1 2 1 -842150451 2 1 2 1 
1 2 2 2 2 2 2 2 2 2 2 9 2 2 2 2 1 2 1 2 1 2 1 2 2 -842150451 2 1 
1 2 1 1 1 1 1 1 1 1 1 2 1 -842150451 1 1 1 2 1 2 1 2 1 2 1 1 2 1 
1 2 1 2 2 2 2 2 2 2 1 2 1 -842150451 1 2 2 2 1 2 1 2 1 2 1 2 2 1 
1 2 1 2 1 -842150451 1 1 1 2 1 2 1 2 2 2 1 1 1 2 1 2 2 2 1 2 1 1 
1 2 1 2 1 2 2 2 1 2 1 2 1 2 1 1 1 2 2 2 1 -842150451 1 1 1 2 1 1 
1 2 1 2 2 2 1 2 1 2 -842150451 2 1 2 2 2 1 2 1 1 1 2 2 2 1 2 2 1 
1 2 1 1 1 -842150451 1 2 1 2 1 2 1 1 1 2 1 2 1 2 2 2 1 2 2 1 2 1 
1 2 2 2 2 2 2 2 1 2 1 2 2 2 2 2 1 2 1 2 1 1 1 1 2 1 2 1 
1 2 1 1 1 1 1 -842150451 1 2 1 2 1 1 1 1 1 2 1 2 1 0 0 1 2 1 2 1 
1 2 2 2 2 2 2 2 2 2 1 2 -842150451 2 2 2 2 2 1 2 1 1 1 1 2 1 2 1 
1 1 1 1 1 -842150451 1 1 1 1 1 2 1 1 1 1 1 2 1 2 2 1 2 2 2 1 2 1 
0 2 2 2 2 2 2 2 2 2 1 2 2 2 2 2 2 2 2 1 2 1 2 1 2 1 2 0 
1 1 1 1 1 -842150451 1 1 1 2 1 2 1 2 1 2 1 1 2 1 2 1 2 1 2 1 1 1 
0 2 2 2 2 2 2 2 2 2 1 2 1 2 1 2 1 1 2 2 2 2 2 2 2 2 2 0 
1 1 1 1 1 1 1 1 1 -842150451 1 2 1 2 1 2 1 0 1 -842150451 -842150451 1 1 1 1 -842150451 1 1 
1 8 -842150451 2 2 2 2 2 2 2 2 2 -842150451 2 -842150451 2 1 0 1 5 6 1 2 2 2 2 2 1 
1 -842150451 1 1 1 1 1 1 1 1 1 2 1 2 1 2 1 1 1 1 1 1 2 1 1 1 2 1 
1 2 2 2 2 2 2 2 2 2 2 2 1 2 1 2 2 2 2 2 2 1 2 2 2 1 2 1 
1 1 1 1 1 1 1 1 1 1 1 1 1 0 1 1 1 1 1 1 0 1 1 1 0 1 0 1 
4